+--------------+---------------------+---------------------+------------------+
| finishing    | avg_wins_per_season | avg_dnfs_per_season | avg_win_rate_pct |
+--------------+---------------------+---------------------+------------------+
| 1. Champion  |                6.37 |                2.24 |             43.3 |
| 2. Runner-up |                3.45 |                3.07 |             23.3 |
+--------------+---------------------+---------------------+------------------+
+------+-------+---------------------+
| age  | races | avg_points_per_race |
+------+-------+---------------------+
|   19 |   101 |                2.02 |
|   20 |   260 |               1.862 |
|   21 |   535 |               2.487 |
|   22 |   928 |               1.478 |
|   23 |  1281 |               1.905 |
|   24 |  1476 |               2.297 |
|   25 |  1791 |               2.204 |
|   26 |  1903 |               2.145 |
|   27 |  2027 |               1.767 |
|   28 |  2122 |               1.622 |
|   29 |  2043 |               1.999 |
|   30 |  1841 |               2.106 |
|   31 |  1744 |               2.189 |
|   32 |  1485 |               2.208 |
|   33 |  1384 |               2.316 |
|   34 |  1213 |                2.01 |
|   35 |  1097 |               1.778 |
|   36 |   952 |               1.715 |
|   37 |   675 |               1.785 |
|   38 |   442 |               2.403 |
|   39 |   359 |               1.662 |
|   40 |   209 |               1.211 |
|   41 |   205 |               1.827 |
|   42 |   147 |               2.153 |
|   43 |   124 |               1.856 |
|   44 |   102 |               1.093 |
+------+-------+---------------------+
+---------------------------+-------------------------+----------------+
| total_champions_with_wins | won_with_multiple_teams | pct_multi_team |
+---------------------------+-------------------------+----------------+
|                        34 |                      26 |           76.5 |
+---------------------------+-------------------------+----------------+
+----------------+------------------------+
| driver_seasons | corr_avggrid_vs_points |
+----------------+------------------------+
|           3040 |                -0.4222 |
+----------------+------------------------+
+---------------+-----------------+-------+--------------+
| grp           | mechanical_dnfs | races | mech_dnf_pct |
+---------------+-----------------+-------+--------------+
| Champion      |             106 |  1107 |         9.58 |
| Rest of field |            6031 | 25652 |        23.51 |
+---------------+-----------------+-------+--------------+
